23
46
0.3992187
0.2744528
0.3619813
0.7094656
0.9499389
0.3596234
0.6481224
0.1605415
0.8824244
0.3610161
0.3321662
0.0985265
0.6320853
0.1540591
0.7869261
0.9478482
0.2566119
0.7115719
0.7505140
0.5992663
0.0205240
0.3409779
0.9147961
0.4659993
0.4259881
0.9936528
0.8276908
0.2166594
0.7775348
0.9985156
0.1056527
0.0635781
0.0390178
0.3893495
0.7436991
0.9868463
0.1157581
0.1606515
0.3498213
0.0888915
0.3884015
0.7008551
0.4325761
0.3791207
0.8335421
0.8345363
Calculating first half...
22 / 23: 99.992752%
Calculating second half...
22 / 23: 99.992752%
Combining...
----
22.9709971
0.3992187
0.2744528
0.3619813
0.7094656
0.9499389
0.3596234
0.6481224
0.1605415
0.8824244
0.3610161
0.3321662
0.0985265
0.6320853
0.1540591
0.7869261
0.9478482
0.2566119
0.7115719
0.750514
0.5992663
0.020524
0.3409779
0.9147961
0.4659993
0.4259881
0.9936528
0.8276908
0.2166594
0.7775348
0.9985156
0.1056527
0.0635781
0.0390178
0.3893495
0.7436991
0.9868463
0.1157581
0.1606515
0.3498213
0.0888915
0.3884015
0.7008551
0.4325761
0.3791207
0.8335421
0.8345363
